100
472 499 9
1874 1920 20
2761 2801 25
178 224 16
261 289 6
4049 4051 29
3811 3854 17
1560 1573 11
4839 4858 18
2376 2408 10
1801 1828 30
4764 4784 29
1626 1636 15
3440 3477 19
1392 1407 20
5076 5130 30
1444 1462 21
4483 4500 15
4506 4535 17
4225 4232 23
2431 2452 18
2612 2636 26
319 372 12
4719 4734 7
1000 1043 5
4327 4374 9
4936 4965 21
4424 4441 23
2543 2569 11
3167 3186 6
3084 3107 15
111 154 28
4258 4284 26
2912 2916 6
676 715 18
2717 2753 16
3112 3147 16
1697 1717 27
4564 4608 20
2658 2706 21
2344 2383 17
795 812 14
2109 2143 21
4600 4616 6
860 882 14
1281 1302 19
1214 1225 17
3028 3083 21
2831 2878 10
2072 2079 25
3942 3991 15
1671 1699 5
909 953 13
4363 4401 10
84 120 10
1348 1370 15
3572 3617 30
5071 5106 8
953 966 28
2501 2554 10
4632 4668 24
408 412 26
2277 2319 30
4890 4914 21
525 545 30
3892 3894 9
8 38 28
1071 1107 26
4106 4157 28
2935 2975 11
1480 1524 7
2401 2420 6
1925 1960 18
747 759 28
1190 1230 16
3310 3352 13
3625 3638 17
3473 3495 14
2175 2195 11
4991 5047 29
211 219 18
3747 3774 27
1526 1545 17
1768 1792 5
4146 4174 19
3345 3390 6
3214 3255 30
3914 3953 10
1150 1205 5
3068 3088 7
2969 3000 28
3515 3536 24
4002 4039 5
4441 4495 6
1995 2029 23
2208 2252 27
3680 3699 25
3390 3398 17
602 627 22
1381 1402 6
0 26 21 30 23 29 54 55 30 25 33 17 13 27 19 34 51 52 18 44 29 21 20 52 45 51 59 13 47 24 54 31 39 21 29 58 56 19 23 47 29 31 39 58 40 13 60 40 55 58 34 34 50 52 39 20 49 16 54 20 29 43 43 15 55 37 53 26 54 44 50 37 19 45 45 15 41 22 34 51 60 41 53 11 60 25 23 14 56 21 17 53 23 25 51 51 44 24 48 60 60
26 0 46 12 53 59 54 23 38 23 31 13 50 26 60 43 21 17 32 34 44 49 46 20 46 23 29 17 52 60 24 10 20 45 54 13 16 49 40 36 23 24 60 26 22 24 16 41 60 59 60 38 40 43 22 54 44 11 11 35 58 57 48 48 26 40 57 50 11 51 38 33 38 32 55 36 60 51 55 17 51 17 43 43 12 59 14 56 30 55 49 32 48 27 14 10 37 21 15 59 22
21 46 0 48 60 11 10 35 20 31 16 56 55 41 48 44 42 43 51 43 25 30 10 22 47 28 37 26 32 32 29 57 46 21 59 42 34 42 35 56 60 47 33 58 39 25 40 47 24 37 39 21 36 35 22 56 34 45 57 54 20 48 43 17 35 54 13 32 20 44 57 14 22 29 55 52 30 33 19 19 30 56 54 29 50 58 25 55 33 14 46 48 10 33 54 30 31 59 44 11 25
30 12 48 0 21 53 30 20 32 34 59 32 14 57 52 53 24 32 57 37 29 22 25 21 38 47 51 41 43 35 41 17 14 45 25 34 32 35 55 47 58 18 21 46 40 49 48 11 51 50 52 43 50 16 43 37 36 36 49 35 14 18 27 52 49 54 38 42 57 39 49 34 52 41 22 56 30 58 54 39 28 41 36 44 30 29 31 44 55 21 48 54 19 50 13 54 36 30 57 46 34
23 53 60 21 0 55 60 27 10 14 33 60 32 27 38 16 24 11 29 48 42 14 50 21 49 14 12 18 44 12 26 41 32 35 29 22 47 26 43 22 23 30 55 53 35 46 35 57 35 18 60 24 42 47 36 27 48 32 11 46 28 51 31 24 34 25 56 45 27 56 14 10 16 26 57 59 46 54 36 24 10 13 46 41 48 20 45 39 57 35 58 29 28 35 44 50 29 56 34 42 33
29 59 11 53 55 0 40 38 49 42 24 59 18 47 16 18 47 16 54 41 10 33 33 57 41 18 46 50 55 54 13 30 57 51 36 30 51 60 31 56 60 15 27 48 39 53 47 28 55 55 16 33 31 43 29 58 16 10 50 46 17 54 12 38 54 34 31 21 17 28 37 44 59 11 50 28 32 56 41 58 46 40 56 42 59 40 56 50 37 56 39 60 11 52 34 33 32 12 54 57 58
54 54 10 30 60 40 0 12 31 10 10 36 47 17 60 12 29 32 35 14 21 25 28 44 15 35 11 25 55 16 45 51 47 54 58 15 18 48 28 22 40 44 60 42 30 12 27 14 30 49 23 48 45 14 38 32 35 26 23 27 29 23 42 41 22 34 24 33 23 46 39 34 34 16 50 14 52 51 38 25 48 23 32 21 45 20 32 20 31 29 39 15 21 22 22 15 12 46 28 13 58
55 23 35 20 27 38 12 0 33 59 18 41 52 34 24 56 22 28 31 56 40 59 59 59 41 30 59 47 42 31 35 55 20 25 54 52 43 43 27 27 23 57 14 58 40 60 17 33 54 44 28 15 38 12 44 48 13 33 48 51 25 54 41 24 29 43 55 34 57 53 22 52 32 46 53 53 59 25 50 20 15 36 40 19 15 56 55 29 32 49 52 29 14 10 38 55 55 23 47 32 47
30 38 20 32 10 49 31 33 0 18 37 16 17 56 28 47 27 58 51 21 55 37 59 12 42 18 41 60 53 51 15 42 28 41 25 59 54 22 36 53 52 48 12 50 55 28 29 30 57 25 25 39 17 21 53 21 46 26 50 41 17 57 46 22 35 29 25 56 58 56 42 58 48 31 14 30 52 51 47 58 23 32 45 10 12 42 44 60 28 52 36 58 12 25 43 50 59 44 21 46 32
25 23 31 34 14 42 10 59 18 0 22 54 49 14 38 44 32 42 13 48 39 32 35 44 20 50 60 47 22 31 44 17 12 59 35 28 21 25 28 45 29 26 35 56 34 42 23 30 31 59 40 37 38 57 19 36 25 25 55 21 14 17 10 42 19 36 39 24 59 24 45 24 24 43 46 59 53 50 22 43 36 34 60 55 15 32 33 57 42 15 41 45 41 58 44 18 49 46 57 51 14
33 31 16 59 33 24 10 18 37 22 0 30 29 12 35 13 37 38 33 10 46 27 40 20 18 31 52 23 32 53 10 36 54 42 39 46 32 31 36 14 55 21 27 20 53 52 24 36 40 16 42 36 59 39 10 26 13 23 54 35 42 44 16 27 10 45 20 22 32 13 40 23 15 56 26 28 58 21 51 27 58 35 60 41 40 56 13 38 55 58 36 24 60 30 55 51 44 29 51 59 56
17 13 56 32 60 59 36 41 16 54 30 0 40 35 58 19 37 39 17 51 10 16 12 53 11 13 50 11 22 10 41 36 46 16 18 56 48 26 32 39 12 22 59 52 53 57 40 10 21 10 28 37 57 14 54 32 37 25 14 49 30 60 51 29 41 44 58 18 41 43 46 15 33 28 36 37 38 31 36 41 36 36 56 39 19 42 30 38 21 32 59 14 51 39 35 30 30 50 39 32 42
13 50 55 14 32 18 47 52 17 49 29 40 0 49 31 11 60 21 45 52 21 34 53 34 40 45 13 24 56 44 30 41 17 13 30 48 48 39 35 44 53 58 29 38 40 31 49 31 55 52 16 52 42 30 37 35 38 55 27 38 24 48 53 42 11 27 40 60 14 52 36 10 16 36 53 57 37 50 29 51 41 53 30 12 44 29 52 42 23 46 10 41 29 42 50 52 32 16 21 41 35
27 26 41 57 27 47 17 34 56 14 12 35 49 0 38 13 22 26 25 49 10 49 37 33 57 47 13 43 23 28 51 48 60 58 10 43 16 41 22 39 37 54 31 29 10 29 35 34 41 25 10 53 31 18 38 20 49 21 43 24 26 53 32 28 28 38 40 53 37 22 57 58 10 34 58 29 43 48 10 26 59 58 14 34 28 16 33 53 52 15 44 24 58 45 21 20 35 33 14 20 55
19 60 48 52 38 16 60 24 28 38 35 58 31 38 0 58 18 19 12 19 16 35 14 34 37 23 27 36 15 51 17 32 32 38 44 14 52 47 51 13 34 55 39 35 59 40 40 55 11 19 17 49 20 43 56 26 20 18 59 19 56 33 47 20 52 16 16 32 48 18 24 29 25 33 22 16 36 40 14 49 42 18 24 19 31 33 13 37 24 27 43 51 45 42 19 49 36 32 40 24 13
34 43 44 53 16 18 12 56 47 44 13 19 11 13 58 0 60 23 11 52 46 45 26 23 50 22 29 45 43 51 51 51 25 43 22 20 32 36 47 12 59 60 28 55 46 16 10 54 17 47 28 23 34 19 58 12 22 14 22 17 31 31 18 15 23 35 50 13 34 21 55 23 55 36 35 37 51 14 57 43 39 31 33 10 48 43 27 35 30 53 54 59 18 11 37 27 33 24 33 55 11
51 21 42 24 24 47 29 22 27 32 37 37 60 22 18 60 0 23 17 42 11 45 37 34 26 60 32 13 16 31 22 38 34 42 42 32 28 56 45 21 14 45 28 30 45 30 54 20 23 14 15 17 12 57 32 21 34 49 11 42 48 52 51 60 39 30 59 22 41 22 17 52 18 40 28 60 38 39 21 54 53 50 32 41 43 24 37 19 12 26 24 53 38 27 59 26 27 40 53 43 30
52 17 43 32 11 16 32 28 58 42 38 39 21 26 19 23 23 0 10 10 15 51 13 37 35 16 42 25 15 39 29 54 34 11 14 57 24 21 42 10 37 55 45 40 24 43 20 51 45 40 15 42 27 28 19 25 23 50 28 54 56 12 28 59 48 10 21 22 26 31 43 19 37 58 33 55 47 13 43 52 27 59 13 53 32 48 47 56 17 45 53 13 12 11 29 38 53 56 58 28 41
18 32 51 57 29 54 35 31 51 13 33 17 45 25 12 11 17 10 0 20 30 47 60 48 59 24 31 35 43 37 18 39 29 49 39 20 12 60 20 49 14 43 55 11 39 52 60 32 14 18 37 22 19 51 41 50 28 29 16 11 47 36 13 52 36 26 17 18 49 59 27 55 43 21 24 10 35 40 11 51 31 33 47 55 44 18 22 42 31 43 35 18 59 31 19 34 16 23 30 19 15
44 34 43 37 48 41 14 56 21 48 10 51 52 49 19 52 42 10 20 0 34 35 49 35 54 40 53 15 22 14 48 59 26 47 35 37 42 28 42 47 54 26 37 25 26 25 51 55 60 17 57 15 12 51 53 17 51 31 11 27 56 52 44 42 19 27 14 57 34 50 38 43 36 15 53 32 16 23 30 46 22 39 41 17 39 38 13 18 37 28 42 23 55 30 24 22 17 60 43 54 57
29 44 25 29 42 10 21 40 55 39 46 10 21 10 16 46 11 15 30 34 0 28 31 49 44 26 24 27 30 43 39 48 32 23 36 46 14 23 14 30 28 27 46 56 30 56 15 22 53 30 33 20 22 30 24 17 23 24 46 10 35 55 30 19 31 36 11 15 24 26 54 34 48 46 32 24 13 44 19 27 35 24 43 29 60 45 28 11 26 59 36 56 12 60 24 33 29 27 42 27 16
21 49 30 22 14 33 25 59 37 32 27 16 34 49 35 45 45 51 47 35 28 0 45 56 23 28 52 44 21 25 59 39 27 28 34 31 45 23 22 10 33 46 29 47 55 24 20 31 15 52 31 34 21 26 50 16 16 46 11 13 49 27 42 57 14 12 26 32 58 25 34 20 25 47 31 48 39 60 35 20 40 42 46 46 59 20 22 55 28 31 25 38 51 44 27 19 53 17 35 55 42
20 46 10 25 50 33 28 59 59 35 40 12 53 37 14 26 37 13 60 49 31 45 0 56 18 54 26 54 55 51 23 44 11 34 54 52 14 39 39 22 29 55 24 43 14 60 32 36 40 59 52 12 60 57 38 48 38 27 21 39 46 59 31 52 12 42 53 22 26 49 49 16 22 40 40 50 47 15 20 38 25 23 16 46 40 15 37 31 56 43 52 15 16 50 54 40 51 23 36 10 16
52 20 22 21 21 57 44 59 12 44 20 53 34 33 34 23 34 37 48 35 49 56 56 0 46 51 10 31 60 11 38 12 17 35 10 44 53 29 16 12 49 49 33 32 30 35 56 33 21 25 35 33 55 53 17 22 19 18 28 12 45 35 59 18 47 17 25 48 23 17 54 42 12 10 20 24 11 50 46 20 44 10 54 31 27 52 54 28 40 12 34 33 39 36 21 35 41 24 38 45 53
45 46 47 38 49 41 15 41 42 20 18 11 40 57 37 50 26 35 59 54 44 23 18 46 0 47 51 19 50 33 39 42 15 43 16 37 50 16 17 25 28 53 16 29 49 34 52 27 32 16 51 27 55 48 45 19 47 48 22 31 10 56 15 42 15 28 18 21 48 17 20 59 42 54 11 11 37 27 26 33 22 15 53 48 11 28 24 52 34 11 38 35 35 39 21 13 57 22 37 31 38
51 23 28 47 14 18 35 30 18 50 31 13 45 47 23 22 60 16 24 40 26 28 54 51 47 0 33 54 49 24 25 36 42 21 23 24 22 52 21 17 29 45 27 45 28 37 37 11 21 49 12 29 11 39 12 26 37 12 25 33 59 31 18 33 49 44 55 16 57 25 42 27 27 50 48 17 38 40 59 37 58 54 44 55 45 11 30 55 15 22 20 57 19 57 59 34 20 30 42 27 15
59 29 37 51 12 46 11 59 41 60 52 50 13 13 27 29 32 42 31 53 24 52 26 10 51 33 0 30 42 11 60 14 44 33 15 32 56 37 14 56 15 44 28 59 25 17 46 58 10 36 26 13 55 29 35 39 29 21 56 16 28 50 13 55 30 47 33 56 26 33 24 26 27 21 42 28 36 40 53 34 16 24 40 50 16 11 35 38 47 33 56 41 35 53 46 25 38 37 21 56 34
13 17 26 41 18 50 25 47 60 47 23 11 24 43 36 45 13 25 35 15 27 44 54 31 19 54 30 0 43 51 30 10 39 36 59 47 12 53 25 41 26 43 18 27 18 20 20 10 49 28 42 26 49 56 12 43 38 21 22 48 23 41 33 35 42 28 41 19 28 11 35 21 28 30 12 18 47 14 32 51 36 13 33 56 46 50 42 23 46 59 41 19 47 45 28 38 35 41 39 56 48
47 52 32 43 44 55 55 42 53 22 32 22 56 23 15 43 16 15 43 22 30 21 55 60 50 49 42 43 0 28 23 46 19 27 31 41 16 29 11 46 25 38 16 58 52 48 46 21 24 34 10 27 20 25 35 19 19 49 29 18 45 38 57 12 19 45 50 20 45 19 34 41 19 46 38 23 43 57 11 24 58 50 25 10 28 15 46 30 48 12 41 48 13 30 11 13 14 19 28 25 35
24 60 32 35 12 54 16 31 51 31 53 10 44 28 51 51 31 39 37 14 43 25 51 11 33 24 11 51 28 0 26 58 38 23 20 18 18 12 49 32 11 52 13 55 13 10 26 17 24 44 45 26 32 21 56 31 31 13 39 44 31 46 14 27 48 12 33 55 52 60 22 11 21 21 52 52 52 17 12 27 16 34 60 15 47 58 41 23 58 54 27 58 14 11 41 32 31 58 50 49 59
54 24 29 41 26 13 45 35 15 44 10 41 30 51 17 51 22 29 18 48 39 59 23 38 39 25 60 30 23 26 0 15 51 52 53 29 47 26 37 31 29 55 15 50 17 33 29 28 33 43 31 46 18 27 25 28 56 18 49 56 23 25 53 30 41 22 32 10 14 24 12 12 46 15 60 43 49 55 29 18 38 14 43 59 60 59 23 53 31 44 39 24 53 32 40 25 11 44 31 58 36
31 10 57 17 41 30 51 55 42 17 36 36 41 48 32 51 38 54 39 59 48 39 44 12 42 36 14 10 46 58 15 0 12 10 39 37 26 15 32 39 54 49 52 59 48 38 33 40 11 48 44 14 47 52 43 18 24 35 38 56 56 53 60 29 12 44 24 18 24 32 56 60 17 33 37 28 20 36 54 11 13 42 15 16 54 20 15 15 59 42 14 30 13 24 58 22 14 23 38 44 10
39 20 46 14 32 57 47 20 28 12 54 46 17 60 32 25 34 34 29 26 32 27 11 17 15 42 44 39 19 38 51 12 0 27 31 28 57 17 44 12 37 48 46 55 57 20 55 15 37 16 42 54 59 52 18 13 55 52 34 48 36 40 56 21 44 50 37 10 29 21 30 57 60 54 35 45 23 28 46 43 24 46 38 35 21 24 48 48 47 43 43 56 51 24 25 35 53 49 20 41 31
21 45 21 45 35 51 54 25 41 59 42 16 13 58 38 43 42 11 49 47 23 28 34 35 43 21 33 36 27 23 52 10 27 0 50 46 35 15 54 26 46 51 45 55 14 52 12 13 39 58 60 52 21 55 56 35 45 11 15 49 59 43 39 46 59 51 49 47 45 38 25 40 20 45 58 50 51 25 45 31 40 20 47 39 10 56 43 54 33 54 26 22 22 43 22 54 40 60 40 12 43
29 54 59 25 29 36 58 54 25 35 39 18 30 10 44 22 42 14 39 35 36 34 54 10 16 23 15 59 31 20 53 39 31 50 0 28 54 20 49 23 19 27 24 55 24 32 58 18 13 58 13 19 58 60 60 24 16 31 15 16 11 35 22 60 23 34 45 21 17 13 30 47 35 13 36 59 42 30 34 34 26 10 50 21 50 46 10 30 32 23 42 28 23 23 56 49 41 51 53 23 19
58 13 42 34 22 30 15 52 59 28 46 56 48 43 14 20 32 57 20 37 46 31 52 44 37 24 32 47 41 18 29 37 28 46 28 0 34 12 31 15 15 57 17 14 26 54 43 50 28 59 37 21 44 20 57 54 18 36 27 37 18 44 34 28 58 12 58 31 25 22 38 54 19 29 55 40 39 35 23 19 23 54 58 58 56 31 17 27 55 44 20 40 13 32 36 47 16 29 46 55 16
56 16 34 32 47 51 18 43 54 21 32 48 48 16 52 32 28 24 12 42 14 45 14 53 50 22 56 12 16 18 47 26 57 35 54 34 0 17 21 22 24 24 30 53 15 55 14 59 41 54 27 34 28 53 13 60 40 36 13 14 47 26 10 22 28 33 30 46 39 36 21 18 13 37 11 23 49 26 19 35 10 29 56 46 49 39 52 33 26 32 17 48 48 52 18 53 13 55 53 46 11
19 49 42 35 26 60 48 43 22 25 31 26 39 41 47 36 56 21 60 28 23 23 39 29 16 52 37 53 29 12 26 15 17 15 20 12 17 0 45 46 27 10 44 53 21 54 44 54 18 11 34 29 14 58 54 20 13 21 25 49 22 19 54 14 13 33 14 40 57 49 47 27 46 19 28 22 16 48 17 40 36 53 24 60 42 31 39 55 45 30 43 14 33 13 58 16 31 15 35 33 13
23 40 35 55 43 31 28 27 36 28 36 32 35 22 51 47 45 42 20 42 14 22 39 16 17 21 14 25 11 49 37 32 44 54 49 31 21 45 0 42 10 46 43 42 29 10 31 36 33 34 31 26 29 51 45 26 21 46 16 38 16 48 42 39 45 21 17 48 49 29 60 23 20 31 28 20 47 50 28 29 10 57 16 45 39 27 52 27 55 50 19 31 42 18 50 24 15 44 58 23 20
47 36 56 47 22 56 22 27 53 45 14 39 44 39 13 12 21 10 49 47 30 10 22 12 25 17 56 41 46 32 31 39 12 26 23 15 22 46 42 0 58 21 47 49 10 55 42 33 55 14 28 54 40 48 47 51 33 59 13 26 19 44 47 14 12 24 39 50 28 12 51 38 49 20 26 35 17 12 27 13 35 38 10 41 57 57 20 52 51 31 35 43 39 53 52 57 25 24 22 17 44
29 23 60 58 23 60 40 23 52 29 55 12 53 37 34 59 14 37 14 54 28 33 29 49 28 29 15 26 25 11 29 54 37 46 19 15 24 27 10 58 0 21 40 41 55 30 19 53 50 37 13 18 26 15 16 38 60 31 23 56 38 41 30 43 25 58 48 31 41 44 20 37 20 19 16 51 40 52 20 26 41 37 47 47 48 18 39 51 45 50 44 58 52 16 27 46 45 49 22 15 23
31 24 47 18 30 15 44 57 48 26 21 22 58 54 55 60 45 55 43 26 27 46 55 49 53 45 44 43 38 52 55 49 48 51 27 57 24 10 46 21 21 0 36 35 41 33 48 49 55 37 32 10 35 59 15 10 20 59 19 31 58 47 44 41 22 41 16 11 59 45 49 50 33 24 10 34 46 58 42 42 60 60 46 27 58 31 51 55 57 47 54 37 23 26 32 31 41 33 42 21 17
39 60 33 21 55 27 60 14 12 35 27 59 29 31 39 28 28 45 55 37 46 29 24 33 16 27 28 18 16 13 15 52 46 45 24 17 30 44 43 47 40 36 0 32 31 52 59 47 37 49 56 34 15 51 37 17 25 39 36 17 60 32 27 13 36 13 52 27 16 12 10 22 43 43 15 55 58 20 47 11 42 28 34 54 43 38 28 49 37 41 45 58 59 10 60 33 42 53 57 24 16
58 26 58 46 53 48 42 58 50 56 20 52 38 29 35 55 30 40 11 25 56 47 43 32 29 45 59 27 58 55 50 59 55 55 55 14 53 53 42 49 41 35 32 0 48 35 18 53 20 29 17 11 56 38 38 38 21 36 44 37 33 44 49 24 60 47 24 24 33 13 27 44 51 51 26 52 52 55 43 37 23 27 44 51 39 35 47 12 58 43 44 18 38 15 45 23 15 11 14 25 40
40 22 39 40 35 39 30 40 55 34 53 53 40 10 59 46 45 24 39 26 30 55 14 30 49 28 25 18 52 13 17 48 57 14 24 26 15 21 29 10 55 41 31 48 0 11 49 31 23 18 26 46 22 51 39 49 34 16 43 11 32 31 28 55 25 27 27 32 20 19 32 48 33 23 32 31 57 49 32 60 50 26 43 22 33 29 59 47 17 60 13 11 17 25 13 56 60 26 28 41 45
13 24 25 49 46 53 12 60 28 42 52 57 31 29 40 16 30 43 52 25 56 24 60 35 34 37 17 20 48 10 33 38 20 52 32 54 55 54 10 55 30 33 52 35 11 0 34 13 45 32 44 32 23 37 55 10 34 35 42 41 54 42 54 56 47 47 20 52 31 22 11 28 60 24 16 18 56 14 19 57 19 51 60 21 44 21 20 29 47 60 33 54 55 14 28 58 45 27 13 30 30
60 16 40 48 35 47 27 17 29 23 24 40 49 35 40 10 54 20 60 51 15 20 32 56 52 37 46 20 46 26 29 33 55 12 58 43 14 44 31 42 19 48 59 18 49 34 0 42 15 23 37 46 10 11 32 15 58 38 43 13 12 51 59 21 43 59 44 29 25 60 31 49 23 60 43 18 27 53 20 17 22 22 34 28 45 40 18 10 56 17 19 56 16 56 31 49 19 44 33 45 57
40 41 47 11 57 28 14 33 30 30 36 10 31 34 55 54 20 51 32 55 22 31 36 33 27 11 58 10 21 17 28 40 15 13 18 50 59 54 36 33 53 49 47 53 31 13 42 0 54 13 20 39 45 10 31 36 16 10 58 18 30 32 26 32 25 56 27 24 20 32 57 27 46 10 22 17 27 50 10 59 33 56 22 37 12 34 30 37 52 45 20 47 25 52 10 30 11 22 27 48 25
55 60 24 51 35 55 30 54 57 31 40 21 55 41 11 17 23 45 14 60 53 15 40 21 32 21 10 49 24 24 33 11 37 39 13 28 41 18 33 55 50 55 37 20 23 45 15 54 0 48 12 14 60 46 26 22 44 41 51 48 53 52 26 52 12 37 31 46 13 28 29 43 36 29 33 24 55 34 42 48 36 47 59 37 60 21 59 13 36 27 14 39 45 55 57 30 27 45 36 54 39
58 59 37 50 18 55 49 44 25 59 16 10 52 25 19 47 14 40 18 17 30 52 59 25 16 49 36 28 34 44 43 48 16 58 58 59 54 11 34 14 37 37 49 29 18 32 23 13 48 0 33 39 39 36 23 40 40 28 17 29 18 29 16 55 59 31 36 47 23 32 58 42 51 44 42 59 13 45 15 19 44 18 23 14 22 41 34 35 50 20 34 48 60 12 49 33 19 38 31 16 32
34 60 39 52 60 16 23 28 25 40 42 28 16 10 17 28 15 15 37 57 33 31 52 35 51 12 26 42 10 45 31 44 42 60 13 37 27 34 31 28 13 32 56 17 26 44 37 20 12 33 0 27 22 60 19 40 28 40 22 20 33 58 27 47 37 38 46 55 60 51 55 48 54 32 33 31 60 50 43 30 30 17 28 37 53 17 56 54 46 44 19 25 22 37 40 57 22 30 35 37 42
34 38 21 43 24 33 48 15 39 37 36 37 52 53 49 23 17 42 22 15 20 34 12 33 27 29 13 26 27 26 46 14 54 52 19 21 34 29 26 54 18 10 34 11 46 32 46 39 14 39 27 0 42 60 47 49 23 35 30 40 33 23 28 29 21 29 22 10 54 17 52 49 10 45 58 42 26 60 12 39 15 36 19 23 12 53 55 13 33 50 34 44 28 49 21 23 51 25 52 45 46
50 40 36 50 42 31 45 38 17 38 59 57 42 31 20 34 12 27 19 12 22 21 60 55 55 11 55 49 20 32 18 47 59 21 58 44 28 14 29 40 26 35 15 56 22 23 10 45 60 39 22 42 0 35 16 33 59 27 21 54 59 28 34 30 41 55 31 11 44 35 38 22 45 20 14 29 49 42 38 30 34 54 40 49 35 25 31 42 21 37 53 49 51 13 33 22 14 55 33 28 37
52 43 35 16 47 43 14 12 21 57 39 14 30 18 43 19 57 28 51 51 30 26 57 53 48 39 29 56 25 21 27 52 52 55 60 20 53 58 51 48 15 59 51 38 51 37 11 10 46 36 60 60 35 0 32 43 32 44 53 25 26 51 12 25 27 29 13 11 19 23 15 27 59 12 43 43 17 34 16 47 38 30 11 31 16 24 35 17 15 24 41 33 28 22 32 32 35 55 49 43 15
39 22 22 43 36 29 38 44 53 19 10 54 37 38 56 58 32 19 41 53 24 50 38 17 45 12 35 12 35 56 25 43 18 56 60 57 13 54 45 47 16 15 37 38 39 55 32 31 26 23 19 47 16 32 0 25 28 20 13 49 23 50 35 46 40 33 55 28 49 58 25 30 40 36 46 43 19 20 27 16 53 51 28 47 35 46 38 52 44 16 11 42 42 57 44 22 16 22 28 39 12
20 54 56 37 27 58 32 48 21 36 26 32 35 20 26 12 21 25 50 17 17 16 48 22 19 26 39 43 19 31 28 18 13 35 24 54 60 20 26 51 38 10 17 38 49 10 15 36 22 40 40 49 33 43 25 0 38 29 53 34 48 37 23 44 35 27 53 50 34 33 34 45 59 37 13 43 28 25 60 40 24 58 50 56 47 16 16 34 45 60 44 10 16 45 20 41 23 37 57 22 48
49 44 34 36 48 16 35 13 46 25 13 37 38 49 20 22 34 23 28 51 23 16 38 19 47 37 29 38 19 31 56 24 55 45 16 18 40 13 21 33 60 20 25 21 34 34 58 16 44 40 28 23 59 32 28 38 0 35 38 39 31 40 33 50 40 26 18 31 20 17 50 20 41 13 31 54 25 58 50 58 28 10 30 38 32 28 36 21 43 56 51 17 32 42 22 35 11 46 60 46 11
16 11 45 36 32 10 26 33 26 25 23 25 55 21 18 14 49 50 29 31 24 46 27 18 48 12 21 21 49 13 18 35 52 11 31 36 36 21 46 59 31 59 39 36 16 35 38 10 41 28 40 35 27 44 20 29 35 0 55 50 28 31 42 27 12 46 18 44 12 46 34 26 20 52 25 56 29 21 54 31 13 19 17 20 57 22 35 28 34 37 49 50 28 34 49 29 14 40 35 21 14
54 11 57 49 11 50 23 48 50 55 54 14 27 43 59 22 11 28 16 11 46 11 21 28 22 25 56 22 29 39 49 38 34 15 15 27 13 25 16 13 23 19 36 44 43 42 43 58 51 17 22 30 21 53 13 53 38 55 0 29 18 53 46 14 35 34 46 22 52 55 53 55 57 46 53 15 54 36 13 35 37 15 30 43 43 18 24 36 60 31 14 26 21 45 25 20 16 51 55 26 31
20 35 54 35 46 46 27 51 41 21 35 49 38 24 19 17 42 54 11 27 10 13 39 12 31 33 16 48 18 44 56 56 48 49 16 37 14 49 38 26 56 31 17 37 11 41 13 18 48 29 20 40 54 25 49 34 39 50 29 0 27 36 58 43 57 14 57 18 39 31 42 21 40 26 22 22 21 17 34 25 31 58 57 32 34 38 53 23 11 33 23 58 56 14 59 20 42 51 18 51 48
29 58 20 14 28 17 29 25 17 14 42 30 24 26 56 31 48 56 47 56 35 49 46 45 10 59 28 23 45 31 23 56 36 59 11 18 47 22 16 19 38 58 60 33 32 54 12 30 53 18 33 33 59 26 23 48 31 28 18 27 0 36 53 60 46 40 36 46 34 16 55 54 32 32 23 49 49 21 44 33 44 56 50 46 12 10 25 27 38 40 36 49 14 34 31 40 48 53 33 36 39
43 57 48 18 51 54 23 54 57 17 44 60 48 53 33 31 52 12 36 52 55 27 59 35 56 31 50 41 38 46 25 53 40 43 35 44 26 19 48 44 41 47 32 44 31 42 51 32 52 29 58 23 28 51 50 37 40 31 53 36 36 0 39 50 40 31 50 21 22 16 27 16 28 47 13 40 10 15 13 23 60 19 16 49 46 34 29 40 24 59 41 35 24 43 54 40 25 38 44 31 15
43 48 43 27 31 12 42 41 46 10 16 51 53 32 47 18 51 28 13 44 30 42 31 59 15 18 13 33 57 14 53 60 56 39 22 34 10 54 42 47 30 44 27 49 28 54 59 26 26 16 27 28 34 12 35 23 33 42 46 58 53 39 0 45 45 14 17 28 38 49 46 34 36 45 30 41 15 20 21 13 33 14 53 34 45 53 47 51 16 46 55 19 33 38 24 47 10 21 20 21 37
15 48 17 52 24 38 41 24 22 42 27 29 42 28 20 15 60 59 52 42 19 57 52 18 42 33 55 35 12 27 30 29 21 46 60 28 22 14 39 14 43 41 13 24 55 56 21 32 52 55 47 29 30 25 46 44 50 27 14 43 60 50 45 0 32 31 12 12 52 30 59 19 27 26 34 43 44 17 48 34 38 28 44 47 38 13 18 10 13 33 58 47 37 32 39 51 39 10 27 27 26
55 26 35 49 34 54 22 29 35 19 10 41 11 28 52 23 39 48 36 19 31 14 12 47 15 49 30 42 19 48 41 12 44 59 23 58 28 13 45 12 25 22 36 60 25 47 43 25 12 59 37 21 41 27 40 35 40 12 35 57 46 40 45 32 0 26 44 29 14 47 19 16 30 32 13 31 46 25 45 43 56 43 41 12 42 37 13 38 55 36 53 54 38 17 38 36 18 60 41 52 18
37 40 54 54 25 34 34 43 29 36 45 44 27 38 16 35 30 10 26 27 36 12 42 17 28 44 47 28 45 12 22 44 50 51 34 12 33 33 21 24 58 41 13 47 27 47 59 56 37 31 38 29 55 29 33 27 26 46 34 14 40 31 14 31 26 0 28 36 13 59 31 54 43 30 27 49 33 28 16 19 53 45 56 27 53 29 18 60 19 26 41 16 44 15 57 52 25 34 44 47 53
53 57 13 38 56 31 24 55 25 39 20 58 40 40 16 50 59 21 17 14 11 26 53 25 18 55 33 41 50 33 32 24 37 49 45 58 30 14 17 39 48 16 52 24 27 20 44 27 31 36 46 22 31 13 55 53 18 18 46 57 36 50 17 12 44 28 0 45 52 49 28 21 29 14 29 50 41 33 43 54 31 27 20 52 11 47 25 40 14 53 30 29 53 42 50 25 27 45 32 30 36
26 50 32 42 45 21 33 34 56 24 22 18 60 53 32 13 22 22 18 57 15 32 22 48 21 16 56 19 20 55 10 18 10 47 21 31 46 40 48 50 31 11 27 24 32 52 29 24 46 47 55 10 11 11 28 50 31 44 22 18 46 21 28 12 29 36 45 0 36 21 43 22 51 60 53 13 32 17 39 12 55 44 44 48 37 24 21 28 42 41 44 53 24 10 43 29 26 18 10 42 29
54 11 20 57 27 17 23 57 58 59 32 41 14 37 48 34 41 26 49 34 24 58 26 23 48 57 26 28 45 52 14 24 29 45 17 25 39 57 49 28 41 59 16 33 20 31 25 20 13 23 60 54 44 19 49 34 20 12 52 39 34 22 38 52 14 13 52 36 0 18 46 15 21 33 19 55 34 45 56 16 26 25 16 53 40 46 36 55 27 60 47 51 51 15 32 10 29 37 58 32 38
44 51 44 39 56 28 46 53 56 24 13 43 52 22 18 21 22 31 59 50 26 25 49 17 17 25 33 11 19 60 24 32 21 38 13 22 36 49 29 12 44 45 12 13 19 22 60 32 28 32 51 17 35 23 58 33 17 46 55 31 16 16 49 30 47 59 49 21 18 0 38 12 53 14 35 49 37 24 29 27 22 58 11 12 51 14 53 38 41 32 17 39 58 32 47 40 59 27 44 44 45
50 38 57 49 14 37 39 22 42 45 40 46 36 57 24 55 17 43 27 38 54 34 49 54 20 42 24 35 34 22 12 56 30 25 30 38 21 47 60 51 20 49 10 27 32 11 31 57 29 58 55 52 38 15 25 34 50 34 53 42 55 27 46 59 19 31 28 43 46 38 0 37 44 43 40 56 22 20 57 26 56 55 31 47 20 39 56 24 20 19 15 20 21 14 46 28 14 15 44 10 45
37 33 14 34 10 44 34 52 58 24 23 15 10 58 29 23 52 19 55 43 34 20 16 42 59 27 26 21 41 11 12 60 57 40 47 54 18 27 23 38 37 50 22 44 48 28 49 27 43 42 48 49 22 27 30 45 20 26 55 21 54 16 34 19 16 54 21 22 15 12 37 0 30 17 32 37 50 12 44 49 27 24 20 47 30 15 56 32 27 31 21 34 38 38 43 41 30 32 50 40 40
19 38 22 52 16 59 34 32 48 24 15 33 16 10 25 55 18 37 43 36 48 25 22 12 42 27 27 28 19 21 46 17 60 20 35 19 13 46 20 49 20 33 43 51 33 60 23 46 36 51 54 10 45 59 40 59 41 20 57 40 32 28 36 27 30 43 29 51 21 53 44 30 0 60 41 15 30 28 31 57 30 17 14 15 37 21 30 16 59 46 32 28 54 46 10 26 47 22 43 41 26
45 32 29 41 26 11 16 46 31 43 56 28 36 34 33 36 40 58 21 15 46 47 40 10 54 50 21 30 46 21 15 33 54 45 13 29 37 19 31 20 19 24 43 51 23 24 60 10 29 44 32 45 20 12 36 37 13 52 46 26 32 47 45 26 32 30 14 60 33 14 43 17 60 0 20 30 26 50 37 17 29 26 43 53 55 49 19 15 18 34 17 24 20 47 19 41 40 41 60 18 55
45 55 55 22 57 50 50 53 14 46 26 36 53 58 22 35 28 33 24 53 32 31 40 20 11 48 42 12 38 52 60 37 35 58 36 55 11 28 28 26 16 10 15 26 32 16 43 22 33 42 33 58 14 43 46 13 31 25 53 22 23 13 30 34 13 27 29 53 19 35 40 32 41 20 0 29 21 28 20 17 33 33 55 20 20 30 51 47 45 13 12 50 51 48 56 56 46 33 53 32 41
15 36 52 56 59 28 14 53 30 59 28 37 57 29 16 37 60 55 10 32 24 48 50 24 11 17 28 18 23 52 43 28 45 50 59 40 23 22 20 35 51 34 55 52 31 18 18 17 24 59 31 42 29 43 43 43 54 56 15 22 49 40 41 43 31 49 50 13 55 49 56 37 15 30 29 0 34 49 26 53 50 60 52 11 26 22 52 32 52 21 55 14 15 29 53 25 40 19 29 48 53
41 60 30 30 46 32 52 59 52 53 58 38 37 43 36 51 38 47 35 16 13 39 47 11 37 38 36 47 43 52 49 20 23 51 42 39 49 16 47 17 40 46 58 52 57 56 27 27 55 13 60 26 49 17 19 28 25 29 54 21 49 10 15 44 46 33 41 32 34 37 22 50 30 26 21 34 0 18 58 19 29 42 59 35 58 42 16 58 51 45 35 36 45 23 51 27 34 18 12 39 29
22 51 33 58 54 56 51 25 51 50 21 31 50 48 40 14 39 13 40 23 44 60 15 50 27 40 40 14 57 17 55 36 28 25 30 35 26 48 50 12 52 58 20 55 49 14 53 50 34 45 50 60 42 34 20 25 58 21 36 17 21 15 20 17 25 28 33 17 45 24 20 12 28 50 28 49 18 0 50 47 32 34 24 41 53 39 31 26 32 20 41 23 22 56 53 58 49 48 46 45 30
34 55 19 54 36 41 38 50 47 22 51 36 29 10 14 57 21 43 11 30 19 35 20 46 26 59 53 32 11 12 29 54 46 45 34 23 19 17 28 27 20 42 47 43 32 19 20 10 42 15 43 12 38 16 27 60 50 54 13 34 44 13 21 48 45 16 43 39 56 29 57 44 31 37 20 26 58 50 0 10 23 16 31 47 48 34 29 59 10 46 51 60 35 53 14 20 22 22 36 58 28
51 17 19 39 24 58 25 20 58 43 27 41 51 26 49 43 54 52 51 46 27 20 38 20 33 37 34 51 24 27 18 11 43 31 34 19 35 40 29 13 26 42 11 37 60 57 17 59 48 19 30 39 30 47 16 40 58 31 35 25 33 23 13 34 43 19 54 12 16 27 26 49 57 17 17 53 19 47 10 0 53 47 44 27 44 55 44 14 18 15 53 40 48 15 28 10 31 39 12 53 35
60 51 30 28 10 46 48 15 23 36 58 36 41 59 42 39 53 27 31 22 35 40 25 44 22 58 16 36 58 16 38 13 24 40 26 23 10 36 10 35 41 60 42 23 50 19 22 33 36 44 30 15 34 38 53 24 28 13 37 31 44 60 33 38 56 53 31 55 26 22 56 27 30 29 33 50 29 32 23 53 0 17 18 39 14 45 50 57 20 53 48 19 51 15 28 31 40 12 15 47 28
41 17 56 41 13 40 23 36 32 34 35 36 53 58 18 31 50 59 33 39 24 42 23 10 15 54 24 13 50 34 14 42 46 20 10 54 29 53 57 38 37 60 28 27 26 51 22 56 47 18 17 36 54 30 51 58 10 19 15 58 56 19 14 28 43 45 27 44 25 58 55 24 17 26 33 60 42 34 16 47 17 0 10 11 31 39 46 24 20 57 45 35 34 27 56 46 57 46 42 32 29
53 43 54 36 46 56 32 40 45 60 60 56 30 14 24 33 32 13 47 41 43 46 16 54 53 44 40 33 25 60 43 15 38 47 50 58 56 24 16 10 47 46 34 44 43 60 34 22 59 23 28 19 40 11 28 50 30 17 30 57 50 16 53 44 41 56 20 44 16 11 31 20 14 43 55 52 59 24 31 44 18 10 0 49 42 54 43 47 21 41 21 10 15 14 57 42 26 29 56 46 21
11 43 29 44 41 42 21 19 10 55 41 39 12 34 19 10 41 53 55 17 29 46 46 31 48 55 50 56 10 15 59 16 35 39 21 58 46 60 45 41 47 27 54 51 22 21 28 37 37 14 37 23 49 31 47 56 38 20 43 32 46 49 34 47 12 27 52 48 53 12 47 47 15 53 20 11 35 41 47 27 39 11 49 0 16 18 11 10 16 14 28 50 37 37 56 28 29 59 17 29 57
60 12 50 30 48 59 45 15 12 15 40 19 44 28 31 48 43 32 44 39 60 59 40 27 11 45 16 46 28 47 60 54 21 10 50 56 49 42 39 57 48 58 43 39 33 44 45 12 60 22 53 12 35 16 35 47 32 57 43 34 12 46 45 38 42 53 11 37 40 51 20 30 37 55 20 26 58 53 48 44 14 31 42 16 0 19 31 14 21 37 26 57 44 33 13 36 55 18 37 16 17
25 59 58 29 20 40 20 56 42 32 56 42 29 16 33 43 24 48 18 38 45 20 15 52 28 11 11 50 15 58 59 20 24 56 46 31 39 31 27 57 18 31 38 35 29 21 40 34 21 41 17 53 25 24 46 16 28 22 18 38 10 34 53 13 37 29 47 24 46 14 39 15 21 49 30 22 42 39 34 55 45 39 54 18 19 0 52 54 48 29 38 17 35 27 25 26 24 45 48 11 31
23 14 25 31 45 56 32 55 44 33 13 30 52 33 13 27 37 47 22 13 28 22 37 54 24 30 35 42 46 41 23 15 48 43 10 17 52 39 52 20 39 51 28 47 59 20 18 30 59 34 56 55 31 35 38 16 36 35 24 53 25 29 47 18 13 18 25 21 36 53 56 56 30 19 51 52 16 31 29 44 50 46 43 11 31 52 0 12 60 23 51 29 10 36 21 14 12 39 36 35 27
14 56 55 44 39 50 20 29 60 57 38 38 42 53 37 35 19 56 42 18 11 55 31 28 52 55 38 23 30 23 53 15 48 54 30 27 33 55 27 52 51 55 49 12 47 29 10 37 13 35 54 13 42 17 52 34 21 28 36 23 27 40 51 10 38 60 40 28 55 38 24 32 16 15 47 32 58 26 59 14 57 24 47 10 14 54 12 0 46 47 45 44 38 58 20 45 14 56 11 10 38
56 30 33 55 57 37 31 32 28 42 55 21 23 52 24 30 12 17 31 37 26 28 56 40 34 15 47 46 48 58 31 59 47 33 32 55 26 45 55 51 45 57 37 58 17 47 56 52 36 50 46 33 21 15 44 45 43 34 60 11 38 24 16 13 55 19 14 42 27 41 20 27 59 18 45 52 51 32 10 18 20 20 21 16 21 48 60 46 0 40 10 17 17 59 24 33 36 31 40 24 47
21 55 14 21 35 56 29 49 52 15 58 32 46 15 27 53 26 45 43 28 59 31 43 12 11 22 33 59 12 54 44 42 43 54 23 44 32 30 50 31 50 47 41 43 60 60 17 45 27 20 44 50 37 24 16 60 56 37 31 33 40 59 46 33 36 26 53 41 60 32 19 31 46 34 13 21 45 20 46 15 53 57 41 14 37 29 23 47 40 0 21 29 55 37 44 52 32 38 10 12 30
17 49 46 48 58 39 39 52 36 41 36 59 10 44 43 54 24 53 35 42 36 25 52 34 38 20 56 41 41 27 39 14 43 26 42 20 17 43 19 35 44 54 45 44 13 33 19 20 14 34 19 34 53 41 11 44 51 49 14 23 36 41 55 58 53 41 30 44 47 17 15 21 32 17 12 55 35 41 51 53 48 45 21 28 26 38 51 45 10 21 0 11 26 13 40 45 37 58 28 53 49
53 32 48 54 29 60 15 29 58 45 24 14 41 24 51 59 53 13 18 23 56 38 15 33 35 57 41 19 48 58 24 30 56 22 28 40 48 14 31 43 58 37 58 18 11 54 56 47 39 48 25 44 49 33 42 10 17 50 26 58 49 35 19 47 54 16 29 53 51 39 20 34 28 24 50 14 36 23 60 40 19 35 10 50 57 17 29 44 17 29 11 0 24 24 38 19 47 33 20 18 30
23 48 10 19 28 11 21 14 12 41 60 51 29 58 45 18 38 12 59 55 12 51 16 39 35 19 35 47 13 14 53 13 51 22 23 13 48 33 42 39 52 23 59 38 17 55 16 25 45 60 22 28 51 28 42 16 32 28 21 56 14 24 33 37 38 44 53 24 51 58 21 38 54 20 51 15 45 22 35 48 51 34 15 37 44 35 10 38 17 55 26 24 0 10 34 21 27 45 49 29 37
25 27 33 50 35 52 22 10 25 58 30 39 42 45 42 11 27 11 31 30 60 44 50 36 39 57 53 45 30 11 32 24 24 43 23 32 52 13 18 53 16 26 10 15 25 14 56 52 55 12 37 49 13 22 57 45 42 34 45 14 34 43 38 32 17 15 42 10 15 32 14 38 46 47 48 29 23 56 53 15 15 27 14 37 33 27 36 58 59 37 13 24 10 0 27 35 48 47 44 37 49
51 14 54 13 44 34 22 38 43 44 55 35 50 21 19 37 59 29 19 24 24 27 54 21 21 59 46 28 11 41 40 58 25 22 56 36 18 58 50 52 27 32 60 45 13 28 31 10 57 49 40 21 33 32 44 20 22 49 25 59 31 54 24 39 38 57 50 43 32 47 46 43 10 19 56 53 51 53 14 28 28 56 57 56 13 25 21 20 24 44 40 38 34 27 0 34 48 13 31 27 37
51 10 30 54 50 33 15 55 50 18 51 30 52 20 49 27 26 38 34 22 33 19 40 35 13 34 25 38 13 32 25 22 35 54 49 47 53 16 24 57 46 31 33 23 56 58 49 30 30 33 57 23 22 32 22 41 35 29 20 20 40 40 47 51 36 52 25 29 10 40 28 41 26 41 56 25 27 58 20 10 31 46 42 28 36 26 14 45 33 52 45 19 21 35 34 0 49 25 46 18 22
44 37 31 36 29 32 12 55 59 49 44 30 32 35 36 33 27 53 16 17 29 53 51 41 57 20 38 35 14 31 11 14 53 40 41 16 13 31 15 25 45 41 42 15 60 45 19 11 27 19 22 51 14 35 16 23 11 14 16 42 48 25 10 39 18 25 27 26 29 59 14 30 47 40 46 40 34 49 22 31 40 57 26 29 55 24 12 14 36 32 37 47 27 48 48 49 0 40 10 26 48
24 21 59 30 56 12 46 23 44 46 29 50 16 33 32 24 40 56 23 60 27 17 23 24 22 30 37 41 19 58 44 23 49 60 51 29 55 15 44 24 49 33 53 11 26 27 44 22 45 38 30 25 55 55 22 37 46 40 51 51 53 38 21 10 60 34 45 18 37 27 15 32 22 41 33 19 18 48 22 39 12 46 29 59 18 45 39 56 31 38 58 33 45 47 13 25 40 0 44 13 46
48 15 44 57 34 54 28 47 21 57 51 39 21 14 40 33 53 58 30 43 42 35 36 38 37 42 21 39 28 50 31 38 20 40 53 46 53 35 58 22 22 42 57 14 28 13 33 27 36 31 35 52 33 49 28 57 60 35 55 18 33 44 20 27 41 44 32 10 58 44 44 50 43 60 53 29 12 46 36 12 15 42 56 17 37 48 36 11 40 10 28 20 49 44 31 46 10 44 0 20 48
60 59 11 46 42 57 13 32 46 51 59 32 41 20 24 55 43 28 19 54 27 55 10 45 31 27 56 56 25 49 58 44 41 12 23 55 46 33 23 17 15 21 24 25 41 30 45 48 54 16 37 45 28 43 39 22 46 21 26 51 36 31 21 27 52 47 30 42 32 44 10 40 41 18 32 48 39 45 58 53 47 32 46 29 16 11 35 10 24 12 53 18 29 37 27 18 26 13 20 0 20
60 22 25 34 33 58 58 47 32 14 56 42 35 55 13 11 30 41 15 57 16 42 16 53 38 15 34 48 35 59 36 10 31 43 19 16 11 13 20 44 23 17 16 40 45 30 57 25 39 32 42 46 37 15 12 48 11 14 31 48 39 15 37 26 18 53 36 29 38 45 45 40 26 55 41 53 29 30 28 35 28 29 21 57 17 31 27 38 47 30 49 30 37 49 37 22 48 46 48 20 0
